[gd_scene load_steps=41 format=2]

[ext_resource path="res://Player/Head.gd" type="Script" id=1]
[ext_resource path="res://addons/zylann.scatter/scatter3d.gd" type="Script" id=2]
[ext_resource path="res://addons/FlatUI/kenneyUI.tres" type="Theme" id=3]
[ext_resource path="res://book.gd" type="Script" id=4]
[ext_resource path="res://Pause menu.gd" type="Script" id=5]
[ext_resource path="res://addons/zylann.hterrain/hterrain.gd" type="Script" id=6]
[ext_resource path="res://Tree/Tree 1/tree.tscn" type="PackedScene" id=7]
[ext_resource path="res://Main_scene_slot2_albedo_bump.packed_tex" type="Texture" id=8]
[ext_resource path="res://Main_scene_slot0_normal_roughness.packed_tex" type="Texture" id=9]
[ext_resource path="res://book.png" type="Texture" id=10]
[ext_resource path="res://addons/phalzer_forest_01_2k.exr" type="Texture" id=11]
[ext_resource path="res://Main_scene_slot1_albedo_bump.packed_tex" type="Texture" id=12]
[ext_resource path="res://Main_scene_slot1_normal_roughness.packed_tex" type="Texture" id=13]
[ext_resource path="res://addons/jc.godot.time-of-day/Code/Sky/Skydome.gd" type="Script" id=14]
[ext_resource path="res://addons/jc.godot.time-of-day/Code/TimeOfDay/TimeOfDay.gd" type="Script" id=15]
[ext_resource path="res://Main_scene_slot2_normal_roughness.packed_tex" type="Texture" id=16]
[ext_resource path="res://addons/zylann.hterrain/data.hterrain" type="Resource" id=17]
[ext_resource path="res://addons/zylann.hterrain/hterrain_texture_set.gd" type="Script" id=18]
[ext_resource path="res://HSlider.gd" type="Script" id=19]
[ext_resource path="res://Nasty-C-Jungle-[TrendyBeatz.com].mp3" type="AudioStream" id=20]
[ext_resource path="res://Snake.tscn" type="PackedScene" id=21]
[ext_resource path="res://Non-venomous_snake.gd" type="Script" id=22]
[ext_resource path="res://Shaders/hterrain_enhanced.shader" type="Shader" id=23]
[ext_resource path="res://Rock/Rock 1/Rock.tscn" type="PackedScene" id=24]
[ext_resource path="res://Main_scene_slot0_albedo_bump.packed_tex" type="Texture" id=25]
[ext_resource path="res://addons/waterways/textures/foam_noise.png" type="Texture" id=27]
[ext_resource path="res://addons/waterways/river_manager.gd" type="Script" id=28]
[ext_resource path="res://addons/waterways/shaders/river.shader" type="Shader" id=29]
[ext_resource path="res://addons/waterways/textures/water1_normal_bump.png" type="Texture" id=30]

[sub_resource type="Curve3D" id=26]
bake_interval = 0.05
_data = {
"points": PoolVector3Array( -751.217, -0.00012207, -74.6807, 751.217, 0.00012207, 74.6807, -4599.3, -543.501, 366.349, -486.368, -890.007, -39.6299, 486.368, 890.007, 39.6299, 5862.79, -458.435, 908.333 ),
"tilts": PoolRealArray( 0, 0 )
}

[sub_resource type="ShaderMaterial" id=27]
shader = ExtResource( 29 )
shader_param/normal_scale = 0.5
shader_param/uv_scale = Vector3( 1, 1, 1 )
shader_param/roughness = 0.2
shader_param/edge_fade = 1.0
shader_param/albedo_color = Transform( 0, 0.15, 0, 0.8, 0.2, 0, 1, 0.5, 1, 0, 0, 0 )
shader_param/albedo_depth = 200.0
shader_param/albedo_depth_curve = 0.25
shader_param/transparency_clarity = 10.0
shader_param/transparency_depth_curve = 0.25
shader_param/transparency_refraction = 1.0
shader_param/flow_speed = 0.1
shader_param/flow_base = 0.0
shader_param/flow_steepness = 2.0
shader_param/flow_distance = 1.0
shader_param/flow_pressure = 1.0
shader_param/flow_max = 4.0
shader_param/foam_color = Color( 0.9, 0.9, 0.9, 1 )
shader_param/foam_amount = 2.0
shader_param/foam_steepness = 2.0
shader_param/foam_smoothness = 0.3
shader_param/i_lod0_distance = 50.0
shader_param/i_valid_flowmap = false
shader_param/i_uv2_sides = 0
shader_param/normal_bump_texture = ExtResource( 30 )
shader_param/i_texture_foam_noise = ExtResource( 27 )

[sub_resource type="Resource" id=1]
script = ExtResource( 18 )
mode = 0
textures = [ [ ExtResource( 25 ), ExtResource( 12 ), ExtResource( 8 ) ], [ ExtResource( 9 ), ExtResource( 13 ), ExtResource( 16 ) ] ]

[sub_resource type="CubeMesh" id=8]

[sub_resource type="Skin" id=7]

[sub_resource type="BoxShape" id=9]
extents = Vector3( 0.20084, 0.200657, 0.198686 )

[sub_resource type="CapsuleMesh" id=4]

[sub_resource type="CapsuleShape" id=5]

[sub_resource type="PanoramaSky" id=16]
panorama = ExtResource( 11 )

[sub_resource type="Environment" id=15]
background_mode = 3
background_sky = SubResource( 16 )
background_color = Color( 0.670588, 0.933333, 0.968627, 1 )
tonemap_mode = 2
ssao_enabled = true
ssao_radius = 0.25
ssao_radius2 = 0.1
ssao_intensity2 = 1.5
ssao_light_affect = 0.73
ssao_quality = 2
ssao_edge_sharpness = 12.95

[sub_resource type="Theme" id=25]

[node name="Main_scene" type="Spatial"]

[node name="Skydome" type="Node" parent="."]
script = ExtResource( 14 )
sky_visible = true
dome_radius = 10.0
tonemap_level = 0.0
exposure = 1.3
ground_color = Color( 0.3, 0.3, 0.3, 1 )
sky_layers = 4
sky_render_priority = -128
horizon_level = 0.0
sun_altitude = -41.865
sun_azimuth = 0.0
sun_disk_color = Color( 0.996094, 0.541334, 0.140076, 1 )
sun_disk_intensity = 2.0
sun_disk_size = 0.015
sun_light_path = NodePath("../Sun")
sun_light_color = Color( 0.984314, 0.843137, 0.788235, 1 )
sun_horizon_light_color = Color( 1, 0.384314, 0.243137, 1 )
sun_light_energy = 1.0
moon_altitude = -80.0
moon_azimuth = 5.0
moon_color = Color( 1, 1, 1, 1 )
moon_size = 0.07
enable_set_moon_texture = false
moon_resolution = 2
moon_light_path = NodePath("")
moon_light_color = Color( 0.572549, 0.776471, 0.956863, 1 )
moon_light_energy = 0.3
deep_space_euler = Vector3( -0.752, 2.56, 0 )
background_color = Color( 0.709804, 0.709804, 0.709804, 0.854902 )
set_background_texture = false
stars_field_color = Color( 1, 1, 1, 1 )
set_stars_field_texture = false
stars_scintillation = 0.75
stars_scintillation_speed = 0.01
atm_quality = 1
atm_wavelenghts = Vector3( 680, 550, 440 )
atm_darkness = 0.5
atm_sun_instensity = 30.0
atm_day_tint = Color( 0.807843, 0.909804, 1, 1 )
atm_horizon_light_tint = Color( 0.980392, 0.635294, 0.462745, 1 )
atm_enable_moon_scatter_mode = false
atm_night_tint = Color( 0.168627, 0.2, 0.25098, 1 )
atm_level_params = Vector3( 1, 0, 0 )
atm_thickness = 0.7
atm_mie = 0.07
atm_turbidity = 0.001
atm_sun_mie_tint = Color( 1, 1, 1, 1 )
atm_sun_mie_intensity = 1.0
atm_sun_mie_anisotropy = 0.8
atm_moon_mie_tint = Color( 0.137255, 0.184314, 0.292196, 1 )
atm_moon_mie_intensity = 0.7
atm_moon_mie_anisotropy = 0.8
fog_visible = false
fog_atm_level_params_offset = Vector3( 0, 0, -1 )
fog_density = 0.00015
fog_rayleigh_depth = 0.116
fog_mie_depth = 0.0001
fog_falloff = 3.0
fog_start = 0.0
fog_end = 1000.0
fog_layers = 524288
fog_render_priority = 123
clouds_thickness = 1.7
clouds_coverage = 0.619
clouds_absorption = 2.0
clouds_sky_tint_fade = 0.5
clouds_intensity = 10.0
clouds_size = 2.0
clouds_uv = Vector2( 0.16, 0.11 )
clouds_offset = Vector2( 0.21, 0.175 )
clouds_offset_speed = 0.01
set_clouds_texture = false
clouds_cumulus_visible = false
clouds_cumulus_day_color = Color( 0.823529, 0.87451, 1, 1 )
clouds_cumulus_horizon_light_color = Color( 1, 0.333333, 0.152941, 1 )
clouds_cumulus_night_color = Color( 0.090196, 0.094118, 0.129412, 1 )
clouds_cumulus_thickness = 0.0243
clouds_cumulus_coverage = 0.55
clouds_cumulus_absorption = 2.0
clouds_cumulus_noise_freq = 2.7
clouds_cumulus_intensity = 1.0
clouds_cumulus_mie_intensity = 1.0
clouds_cumulus_mie_anisotropy = 0.206
clouds_cumulus_size = 0.5
clouds_cumulus_offset = Vector3( 0.64, 0.522, 0.128 )
clouds_cumulus_offset_speed = 0.005
set_clouds_cumulus_texture = false
enviro = null

[node name="TimeOfDay" type="Node" parent="Skydome"]
script = ExtResource( 15 )
dome_path = NodePath("..")
system_sync = false
total_cycle_in_minutes = 15.0
total_hours = 14.791
day = 12
month = 2
year = 2021
celestials_calculations = 0
compute_moon_coords = false
compute_deep_space_coords = false
latitude = 0.0
longitude = 0.0
utc = 0.0
celestials_update_time = 0.0

[node name="Sun" type="DirectionalLight" parent="."]
transform = Transform( 0, -1, -1e-07, -0.667378, -7.44719e-08, 0.744719, -0.744719, 6.67378e-08, -0.667378, 0, 0.744719, -0.667378 )
light_color = Color( 0.988318, 0.685122, 0.649082, 1 )
light_energy = 0.744719
light_indirect_energy = 1.06
shadow_enabled = true

[node name="River" type="Spatial" parent="."]
transform = Transform( 1, 0, 0, 0, 1, 0, 0, 0, 1, 11844.3, 79.2771, 11878.1 )
script = ExtResource( 28 )
shape_step_length_divs = 1
shape_step_width_divs = 1
shape_smoothness = 0.5
mat_shader_type = 0
mat_custom_shader = null
mat_normal_scale = 0.5
mat_normal_bump_texture = ExtResource( 30 )
mat_uv_scale = Vector3( 1, 1, 1 )
mat_roughness = 0.2
mat_edge_fade = 1.0
mat_albedo_color = Transform( 0, 0.15, 0, 0.8, 0.2, 0, 1, 0.5, 1, 0, 0, 0 )
mat_albedo_depth = 200.0
mat_albedo_depth_curve = 0.25
mat_transparency_clarity = 10.0
mat_transparency_depth_curve = 0.25
mat_transparency_refraction = 1.0
mat_flow_speed = 0.1
mat_flow_base = 0.0
mat_flow_steepness = 2.0
mat_flow_distance = 1.0
mat_flow_pressure = 1.0
mat_flow_max = 4.0
mat_foam_color = Color( 0.9, 0.9, 0.9, 1 )
mat_foam_amount = 2.0
mat_foam_steepness = 2.0
mat_foam_smoothness = 0.3
lod_lod0_distance = 50.0
baking_resolution = 2
baking_raycast_distance = 10.0
baking_raycast_layers = 1
baking_dilate = 0.6
baking_flowmap_blur = 0.04
baking_foam_cutoff = 0.9
baking_foam_offset = 0.1
baking_foam_blur = 0.02
curve = SubResource( 26 )
widths = [ 4784.09, 4217.24 ]
valid_flowmap = false
flow_foam_noise = null
dist_pressure = null
_material = SubResource( 27 )
_selected_shader = 0
_uv2_sides = 0

[node name="Forest" type="Spatial" parent="."]
script = ExtResource( 2 )
_scenes = [ ExtResource( 7 ), ExtResource( 24 ) ]

[node name="Spatial" parent="Forest" instance=ExtResource( 7 )]
transform = Transform( 0.218017, 0, -0.975945, 0, 1, 0, 0.975945, 0, 0.218017, 20720.5, 0, 14727.8 )

[node name="Spatial2" parent="Forest" instance=ExtResource( 7 )]
transform = Transform( 0.984135, 0, -0.177423, 0, 1, 0, 0.177423, 0, 0.984135, 23461.1, 0, 14593.2 )

[node name="Spatial3" parent="Forest" instance=ExtResource( 7 )]
transform = Transform( 0.533931, 0, 0.845528, 0, 1, 0, -0.845528, 0, 0.533931, 23386.9, 0, 17203.1 )

[node name="Spatial4" parent="Forest" instance=ExtResource( 7 )]
transform = Transform( -0.290198, 0, 0.956967, 0, 1, 0, -0.956967, 0, -0.290198, 25128.5, 0.125, 16400.5 )

[node name="Spatial5" parent="Forest" instance=ExtResource( 7 )]
transform = Transform( 0.703917, 0, 0.710283, 0, 1, 0, -0.710283, 0, 0.703917, 24261.7, 0, 11590.3 )

[node name="Spatial6" parent="Forest" instance=ExtResource( 7 )]
transform = Transform( -0.907751, 0, 0.419509, 0, 1, 0, -0.419509, 0, -0.907751, 21058.1, -4.00195, 11564.4 )

[node name="Spatial7" parent="Forest" instance=ExtResource( 7 )]
transform = Transform( 0.937808, 0, -0.347155, 0, 1, 0, 0.347155, 0, 0.937808, 18989.4, 0, 17701.4 )

[node name="Spatial8" parent="Forest" instance=ExtResource( 7 )]
transform = Transform( 0.68125, 0, -0.732051, 0, 1, 0, 0.732051, 0, 0.68125, 21409.6, -0.000976562, 16459.7 )

[node name="Spatial9" parent="Forest" instance=ExtResource( 7 )]
transform = Transform( -0.206586, 0, -0.978428, 0, 1, 0, 0.978428, 0, -0.206586, 22441.5, 0, 12615.7 )

[node name="Spatial10" parent="Forest" instance=ExtResource( 7 )]
transform = Transform( -0.839422, 0, -0.543481, 0, 1, 0, 0.543481, 0, -0.839422, 20220.6, 0.000976562, 12637.3 )

[node name="Spatial11" parent="Forest" instance=ExtResource( 7 )]
transform = Transform( -0.875776, 0, -0.482718, 0, 1, 0, 0.482718, 0, -0.875776, 19026.4, 0, 15127.5 )

[node name="Spatial12" parent="Forest" instance=ExtResource( 7 )]
transform = Transform( 0.805284, 0, 0.59289, 0, 1, 0, -0.59289, 0, 0.805284, 16623.9, -14.3047, 18952.7 )

[node name="Spatial13" parent="Forest" instance=ExtResource( 7 )]
transform = Transform( -0.515908, 0, 0.856644, 0, 1, 0, -0.856644, 0, -0.515908, 24271.6, 0, 9551.81 )

[node name="Spatial14" parent="Forest" instance=ExtResource( 7 )]
transform = Transform( -0.835296, 0, -0.549801, 0, 1, 0, 0.549801, 0, -0.835296, 22234.2, 0.000976562, 8667.19 )

[node name="Spatial15" parent="Forest" instance=ExtResource( 7 )]
transform = Transform( -0.115161, 0, 0.993347, 0, 1, 0, -0.993347, 0, -0.115161, 21058.4, -0.0722656, 10093.5 )

[node name="Spatial16" parent="Forest" instance=ExtResource( 7 )]
transform = Transform( 0.854964, 0, -0.518687, 0, 1, 0, 0.518687, 0, 0.854964, 19464.2, 0.000976562, 9106.38 )

[node name="Spatial17" parent="Forest" instance=ExtResource( 7 )]
transform = Transform( -0.941167, 0, -0.337941, 0, 1, 0, 0.337941, 0, -0.941167, 23802, 0, 5912.63 )

[node name="Spatial18" parent="Forest" instance=ExtResource( 7 )]
transform = Transform( -0.985507, 0, 0.169636, 0, 1, 0, -0.169636, 0, -0.985507, 21306, -0.205078, 4960.23 )

[node name="Spatial19" parent="Forest" instance=ExtResource( 7 )]
transform = Transform( -0.831768, 0, -0.555123, 0, 1, 0, 0.555123, 0, -0.831768, 19177.4, 0.000976562, 6476.82 )

[node name="Spatial20" parent="Forest" instance=ExtResource( 7 )]
transform = Transform( 0.509602, 0, -0.86041, 0, 1, 0, 0.86041, 0, 0.509602, 21105.1, -0.0166016, 6831.51 )

[node name="Spatial21" parent="Forest" instance=ExtResource( 7 )]
transform = Transform( 0.954812, 0, 0.297212, 0, 1, 0, -0.297212, 0, 0.954812, 22930.4, 0.00585938, 2057.8 )

[node name="Spatial22" parent="Forest" instance=ExtResource( 7 )]
transform = Transform( 0.670488, 0, -0.74192, 0, 1, 0, 0.74192, 0, 0.670488, 20248.7, 0, 1420.92 )

[node name="Spatial23" parent="Forest" instance=ExtResource( 7 )]
transform = Transform( 0.801721, 0, -0.597699, 0, 1, 0, 0.597699, 0, 0.801721, 19682.1, 0, 3088.31 )

[node name="Spatial24" parent="Forest" instance=ExtResource( 7 )]
transform = Transform( 0.548397, 0, 0.836218, 0, 1, 0, -0.836218, 0, 0.548397, 17117.7, 0.000976562, 4883.13 )

[node name="Spatial25" parent="Forest" instance=ExtResource( 7 )]
transform = Transform( -0.00908164, 0, -0.999959, 0, 1, 0, 0.999959, 0, -0.00908164, 16431.6, 0, 6714.98 )

[node name="Spatial26" parent="Forest" instance=ExtResource( 7 )]
transform = Transform( 0.849706, 0, -0.527256, 0, 1, 0, 0.527256, 0, 0.849706, 16643.8, 0, 1080.02 )

[node name="Spatial27" parent="Forest" instance=ExtResource( 7 )]
transform = Transform( 0.989044, 0, -0.147623, 0, 1, 0, 0.147623, 0, 0.989044, 17147, 0, 2587.28 )

[node name="Spatial28" parent="Forest" instance=ExtResource( 7 )]
transform = Transform( 0.989304, 0, -0.145871, 0, 1, 0, 0.145871, 0, 0.989304, 14716.5, 0, 752.321 )

[node name="Spatial29" parent="Forest" instance=ExtResource( 7 )]
transform = Transform( 0.374377, 0, -0.927276, 0, 1, 0, 0.927276, 0, 0.374377, 14350.3, 0, 5108.21 )

[node name="Spatial30" parent="Forest" instance=ExtResource( 7 )]
transform = Transform( 0.148695, 0, 0.988883, 0, 1, 0, -0.988883, 0, 0.148695, 13641.7, 0, 6438.99 )

[node name="Spatial31" parent="Forest" instance=ExtResource( 7 )]
transform = Transform( 0.991321, 0, 0.131466, 0, 1, 0, -0.131466, 0, 0.991321, 12016.9, 0.000976562, 1934.99 )

[node name="Spatial32" parent="Forest" instance=ExtResource( 7 )]
transform = Transform( 0.142939, 0, -0.989731, 0, 1, 0, 0.989731, 0, 0.142939, 11076.8, 0.000976562, 6165.85 )

[node name="Spatial33" parent="Forest" instance=ExtResource( 7 )]
transform = Transform( -0.363332, 0, -0.93166, 0, 1, 0, 0.93166, 0, -0.363332, 11016.7, -0.00195312, 4127.11 )

[node name="Spatial34" parent="Forest" instance=ExtResource( 7 )]
transform = Transform( 0.922372, 0, 0.386303, 0, 1, 0, -0.386303, 0, 0.922372, 2447.53, 0, 1860.11 )

[node name="Spatial35" parent="Forest" instance=ExtResource( 7 )]
transform = Transform( 0.715751, 0, -0.698355, 0, 1, 0, 0.698355, 0, 0.715751, 6085.66, 0, 1621.87 )

[node name="Spatial36" parent="Forest" instance=ExtResource( 7 )]
transform = Transform( 0.99772, 0, 0.0674865, 0, 1, 0, -0.0674865, 0, 0.99772, 9166.1, 0.378906, 1651.95 )

[node name="Spatial37" parent="Forest" instance=ExtResource( 7 )]
transform = Transform( 0.166436, 0, -0.986052, 0, 1, 0, 0.986052, 0, 0.166436, 8896.88, 0.000976562, 6010.63 )

[node name="Spatial38" parent="Forest" instance=ExtResource( 7 )]
transform = Transform( -0.959817, 0, 0.280627, 0, 1, 0, -0.280627, 0, -0.959817, 3760.39, 0, 4153.52 )

[node name="Spatial39" parent="Forest" instance=ExtResource( 7 )]
transform = Transform( 0.840127, 0, 0.54239, 0, 1, 0, -0.54239, 0, 0.840127, 5495.09, 0.21875, 6256.3 )

[node name="Spatial40" parent="Forest" instance=ExtResource( 7 )]
transform = Transform( -0.833534, 0, 0.552468, 0, 1, 0, -0.552468, 0, -0.833534, 7138.86, 0, 3753.41 )

[node name="Spatial41" parent="Forest" instance=ExtResource( 7 )]
transform = Transform( -0.581672, 0, 0.813423, 0, 1, 0, -0.813423, 0, -0.581672, 6460.66, 0.000976562, 8705.49 )

[node name="Spatial42" parent="Forest" instance=ExtResource( 7 )]
transform = Transform( 0.395606, 0, 0.91842, 0, 1, 0, -0.91842, 0, 0.395606, 2445.8, 0.000976562, 5599.21 )

[node name="Spatial43" parent="Forest" instance=ExtResource( 7 )]
transform = Transform( 0.999768, 0, -0.0215244, 0, 1, 0, 0.0215244, 0, 0.999768, 2584.32, -0.000976562, 8126.48 )

[node name="Spatial44" parent="Forest" instance=ExtResource( 7 )]
transform = Transform( -0.975468, 0, -0.220141, 0, 1, 0, 0.220141, 0, -0.975468, 1272.16, -0.00195312, 17660.1 )

[node name="Spatial45" parent="Forest" instance=ExtResource( 7 )]
transform = Transform( -0.520083, 0, 0.854116, 0, 1, 0, -0.854116, 0, -0.520083, 3304.59, 0, 17170.5 )

[node name="Spatial46" parent="Forest" instance=ExtResource( 7 )]
transform = Transform( 0.967161, 0, 0.254164, 0, 1, 0, -0.254164, 0, 0.967161, 4788.04, 0, 15599.3 )

[node name="Spatial47" parent="Forest" instance=ExtResource( 7 )]
transform = Transform( 0.919475, 0, 0.393148, 0, 1, 0, -0.393148, 0, 0.919475, 1848.52, -0.000976562, 13995.8 )

[node name="Spatial48" parent="Forest" instance=ExtResource( 7 )]
transform = Transform( -0.564629, 0, 0.825345, 0, 1, 0, -0.825345, 0, -0.564629, 1978.15, 0, 10539.1 )

[node name="Spatial49" parent="Forest" instance=ExtResource( 7 )]
transform = Transform( 0.159396, 0, -0.987215, 0, 1, 0, 0.987215, 0, 0.159396, 5553.04, -0.000976562, 10985.6 )

[node name="Spatial50" parent="Forest" instance=ExtResource( 7 )]
transform = Transform( -0.878032, 0, 0.478601, 0, 1, 0, -0.478601, 0, -0.878032, 4668.99, 0, 12450 )

[node name="Spatial51" parent="Forest" instance=ExtResource( 7 )]
transform = Transform( 0.955906, 0, -0.293674, 0, 1, 0, 0.293674, 0, 0.955906, 3639.09, -0.000976562, 13754.8 )

[node name="Spatial52" parent="Forest" instance=ExtResource( 7 )]
transform = Transform( 0.891703, 0, 0.452621, 0, 1, 0, -0.452621, 0, 0.891703, 7109.47, -0.000976562, 17677.9 )

[node name="Spatial53" parent="Forest" instance=ExtResource( 7 )]
transform = Transform( 0.975092, 0, 0.221801, 0, 1, 0, -0.221801, 0, 0.975092, 10033.8, -0.125977, 18763.9 )

[node name="Spatial54" parent="Forest" instance=ExtResource( 7 )]
transform = Transform( -0.206722, 0, -0.9784, 0, 1, 0, 0.9784, 0, -0.206722, 13600.4, -0.000976562, 18970.3 )

[node name="Spatial55" parent="Forest" instance=ExtResource( 24 )]
transform = Transform( 0.786039, 0, 0.618177, 0, 1, 0, -0.618177, 0, 0.786039, 4603.74, -0.000976562, 18087.3 )

[node name="Spatial56" parent="Forest" instance=ExtResource( 24 )]
transform = Transform( 0.997895, 0, -0.0648488, 0, 1, 0, 0.0648488, 0, 0.997895, 1905.3, 0.0449219, 16486 )

[node name="Spatial57" parent="Forest" instance=ExtResource( 24 )]
transform = Transform( 0.617996, 0, 0.786182, 0, 1, 0, -0.786182, 0, 0.617996, 3035.05, -0.000976562, 11753.5 )

[node name="Spatial58" parent="Forest" instance=ExtResource( 24 )]
transform = Transform( -0.999343, 0, -0.0362552, 0, 1, 0, 0.0362552, 0, -0.999343, 4764.59, 0, 8150.45 )

[node name="Spatial59" parent="Forest" instance=ExtResource( 24 )]
transform = Transform( 0.820294, 0, 0.571942, 0, 1, 0, -0.571942, 0, 0.820294, 5569.25, 0.000488281, 14229 )

[node name="Spatial60" parent="Forest" instance=ExtResource( 24 )]
transform = Transform( -0.595532, 0, -0.803331, 0, 1, 0, 0.803331, 0, -0.595532, 9254.17, -0.100586, 3590.5 )

[node name="Spatial61" parent="Forest" instance=ExtResource( 24 )]
transform = Transform( 0.224682, 0, 0.974432, 0, 1, 0, -0.974432, 0, 0.224682, 13277.3, -0.000976562, 3833.43 )

[node name="Spatial62" parent="Forest" instance=ExtResource( 24 )]
transform = Transform( -0.314478, 0, -0.949265, 0, 1, 0, 0.949265, 0, -0.314478, 12130.6, 0, 5992.24 )

[node name="Spatial63" parent="Forest" instance=ExtResource( 24 )]
transform = Transform( 0.927054, 0, -0.374927, 0, 1, 0, 0.374927, 0, 0.927054, 16815.2, -0.000976562, 4263.53 )

[node name="Spatial64" parent="Forest" instance=ExtResource( 24 )]
transform = Transform( 0.889421, 0, -0.45709, 0, 1, 0, 0.45709, 0, 0.889421, 21870.6, -0.000976562, 3955.5 )

[node name="Spatial65" parent="Forest" instance=ExtResource( 24 )]
transform = Transform( -0.520026, 0, 0.85415, 0, 1, 0, -0.85415, 0, -0.520026, 19822.3, -0.000976562, 7831.23 )

[node name="Spatial66" parent="Forest" instance=ExtResource( 24 )]
transform = Transform( 0.271507, 0, 0.962436, 0, 1, 0, -0.962436, 0, 0.271507, 23065.4, 0.00195312, 10320.6 )

[node name="Spatial67" parent="Forest" instance=ExtResource( 24 )]
transform = Transform( 0.90471, 0, 0.426028, 0, 1, 0, -0.426028, 0, 0.90471, 21382.8, 0.00195312, 13913.4 )

[node name="Spatial68" parent="Forest" instance=ExtResource( 24 )]
transform = Transform( -0.937513, 0, -0.347951, 0, 1, 0, 0.347951, 0, -0.937513, 19636.8, 0, 16928.8 )

[node name="Spatial69" parent="Forest" instance=ExtResource( 24 )]
transform = Transform( 0.804099, 0, 0.594496, 0, 1, 0, -0.594496, 0, 0.804099, 23819.9, 0, 16234.9 )

[node name="Mountain" type="Spatial" parent="."]
script = ExtResource( 2 )
_scenes = [ ExtResource( 7 ), ExtResource( 24 ) ]

[node name="Spatial" parent="Mountain" instance=ExtResource( 7 )]
transform = Transform( -0.68904, 0, -0.724723, 0, 1, 0, 0.724723, 0, -0.68904, 24436.6, 1379.74, 22952.7 )

[node name="Spatial2" parent="Mountain" instance=ExtResource( 7 )]
transform = Transform( 0.664583, 0, -0.747215, 0, 1, 0, 0.747215, 0, 0.664583, 24794.1, 879.529, 21941.9 )

[node name="Spatial3" parent="Mountain" instance=ExtResource( 7 )]
transform = Transform( -0.98488, 0, -0.173236, 0, 1, 0, 0.173236, 0, -0.98488, 22930, 1313.86, 22992.4 )

[node name="Spatial4" parent="Mountain" instance=ExtResource( 7 )]
transform = Transform( -0.63041, 0, 0.776262, 0, 1, 0, -0.776262, 0, -0.63041, 22426.2, 821.364, 22059.2 )

[node name="Spatial5" parent="Mountain" instance=ExtResource( 7 )]
transform = Transform( 0.576524, 0, -0.81708, 0, 1, 0, 0.81708, 0, 0.576524, 20793.7, 1086.96, 22740.5 )

[node name="Spatial6" parent="Mountain" instance=ExtResource( 7 )]
transform = Transform( 0.973388, 0, -0.229162, 0, 1, 0, 0.229162, 0, 0.973388, 21457.9, 918.521, 21987.1 )

[node name="Spatial7" parent="Mountain" instance=ExtResource( 7 )]
transform = Transform( 0.35508, 0, -0.934836, 0, 1, 0, 0.934836, 0, 0.35508, 21606.8, 1238.48, 22979.4 )

[node name="Spatial8" parent="Mountain" instance=ExtResource( 24 )]
transform = Transform( -0.696623, 0, 0.717437, 0, 1, 0, -0.717437, 0, -0.696623, 23988.9, 912.491, 22233.7 )

[node name="Spatial9" parent="Mountain" instance=ExtResource( 7 )]
transform = Transform( -0.217915, 0, -0.975968, 0, 1, 0, 0.975968, 0, -0.217915, 19810.7, 889.227, 22166 )

[node name="Spatial10" parent="Mountain" instance=ExtResource( 7 )]
transform = Transform( -0.246905, 0, -0.96904, 0, 1, 0, 0.96904, 0, -0.246905, 18632.6, 1122.63, 22846.1 )

[node name="Spatial11" parent="Mountain" instance=ExtResource( 7 )]
transform = Transform( 0.354503, 0, 0.935055, 0, 1, 0, -0.935055, 0, 0.354503, 16465.3, 948.008, 22155 )

[node name="Spatial12" parent="Mountain" instance=ExtResource( 7 )]
transform = Transform( -0.874189, 0, 0.485586, 0, 1, 0, -0.485586, 0, -0.874189, 17685.3, 943.82, 22136 )

[node name="Spatial13" parent="Mountain" instance=ExtResource( 7 )]
transform = Transform( 0.955613, 0, -0.294625, 0, 1, 0, 0.294625, 0, 0.955613, 15520.9, 936.712, 22030.4 )

[node name="Spatial14" parent="Mountain" instance=ExtResource( 7 )]
transform = Transform( 0.606729, 0, 0.794909, 0, 1, 0, -0.794909, 0, 0.606729, 13617.3, 1054.68, 22541.2 )

[node name="Spatial15" parent="Mountain" instance=ExtResource( 7 )]
transform = Transform( 0.948815, 0, -0.315832, 0, 1, 0, 0.315832, 0, 0.948815, 13233.9, 869.054, 21908.6 )

[node name="Spatial16" parent="Mountain" instance=ExtResource( 7 )]
transform = Transform( -0.712683, 0, -0.701486, 0, 1, 0, 0.701486, 0, -0.712683, 11853.5, 1051.98, 22638.8 )

[node name="Spatial17" parent="Mountain" instance=ExtResource( 7 )]
transform = Transform( 0.198927, 0, -0.980014, 0, 1, 0, 0.980014, 0, 0.198927, 11128.5, 988.106, 22166.9 )

[node name="Spatial18" parent="Mountain" instance=ExtResource( 7 )]
transform = Transform( -0.25428, 0, -0.967131, 0, 1, 0, 0.967131, 0, -0.25428, 9773.82, 1053.36, 22540.4 )

[node name="Spatial19" parent="Mountain" instance=ExtResource( 7 )]
transform = Transform( 0.916823, 0, -0.399293, 0, 1, 0, 0.399293, 0, 0.916823, 9548.66, 967.846, 21835 )

[node name="Spatial20" parent="Mountain" instance=ExtResource( 7 )]
transform = Transform( -0.375345, 0, -0.926885, 0, 1, 0, 0.926885, 0, -0.375345, 7599.71, 989.319, 22092.5 )

[node name="Spatial21" parent="Mountain" instance=ExtResource( 7 )]
transform = Transform( -0.58137, 0, 0.813639, 0, 1, 0, -0.813639, 0, -0.58137, 8443.03, 950.548, 22349.9 )

[node name="Spatial22" parent="Mountain" instance=ExtResource( 7 )]
transform = Transform( -0.749805, 0, -0.661659, 0, 1, 0, 0.661659, 0, -0.749805, 5846.03, 992.361, 22482.2 )

[node name="Spatial24" parent="Mountain" instance=ExtResource( 7 )]
transform = Transform( -0.89504, 0, 0.445985, 0, 1, 0, -0.445985, 0, -0.89504, 3978.08, 991.433, 22522.6 )

[node name="Spatial25" parent="Mountain" instance=ExtResource( 7 )]
transform = Transform( 0.0272369, 0, -0.999629, 0, 1, 0, 0.999629, 0, 0.0272369, 1556.14, 997.996, 22392.8 )

[node name="Spatial26" parent="Mountain" instance=ExtResource( 7 )]
transform = Transform( 0.00359554, 0, -0.999994, 0, 1, 0, 0.999994, 0, 0.00359554, 2050.77, 998.135, 21455 )

[node name="Spatial23" parent="Mountain" instance=ExtResource( 7 )]
transform = Transform( -0.957122, 0, 0.289684, 0, 1, 0, -0.289684, 0, -0.957122, 2692.11, 1000, 22231.2 )

[node name="Spatial27" parent="Mountain" instance=ExtResource( 7 )]
transform = Transform( 0.0381815, 0, -0.999271, 0, 1, 0, 0.999271, 0, 0.0381815, 3336.59, 983.487, 21482.5 )

[node name="Spatial28" parent="Mountain" instance=ExtResource( 24 )]
transform = Transform( -0.694933, 0, -0.719075, 0, 1, 0, 0.719075, 0, -0.694933, 10566.1, 1000.2, 22390.8 )

[node name="Spatial29" parent="Mountain" instance=ExtResource( 24 )]
transform = Transform( -0.229284, 0, 0.97336, 0, 1, 0, -0.97336, 0, -0.229284, 14116.1, 1043.63, 22217 )

[node name="Spatial30" parent="Mountain" instance=ExtResource( 24 )]
transform = Transform( -0.829982, 0, -0.55779, 0, 1, 0, 0.55779, 0, -0.829982, 20053.5, 1017.88, 22659.5 )

[node name="HTerrain" type="Spatial" parent="."]
script = ExtResource( 6 )
lod_scale = 2.0
map_scale = Vector3( 50, 10, 50 )
_terrain_data = ExtResource( 17 )
chunk_size = 16
collision_enabled = true
collision_layer = 1
collision_mask = 1
shader_type = "Classic4Lite"
custom_shader = ExtResource( 23 )
custom_globalmap_shader = null
texture_set = SubResource( 1 )
render_layers = 1
shader_params/u_ground_uv_scale = 20
shader_params/u_depth_blending = true
shader_params/u_triplanar = true
shader_params/u_tile_reduction = Plane( 0, 0, 0, 0 )

[node name="MeshInstance" type="MeshInstance" parent="."]
transform = Transform( 10, 0, 0, 0, 10, 0, 0, 0, 10, 230.387, 10.0539, 273.358 )
mesh = SubResource( 8 )
skin = SubResource( 7 )

[node name="StaticBody" type="StaticBody" parent="MeshInstance"]
transform = Transform( 5, 0, 0, 0, 5, 0, 0, 0, 5, 0, 0, 0 )

[node name="CollisionShape" type="CollisionShape" parent="MeshInstance/StaticBody"]
shape = SubResource( 9 )

[node name="ReflectionProbe" type="ReflectionProbe" parent="."]
transform = Transform( 1, 0, 0, 0, 1, 0, 0, 0, 1, 12730.7, -29.9307, 13187.9 )
extents = Vector3( 13804.1, 4234.37, 13713.4 )
origin_offset = Vector3( -1725.76, -2.23517e-10, 1839.89 )

[node name="Player" type="KinematicBody" parent="."]
transform = Transform( 10, 0, 0, 0, -4.37114e-07, 10, 0, -10, -4.37114e-07, 1256.37, 86.6163, 2010.93 )
script = ExtResource( 1 )

[node name="MeshInstance" type="MeshInstance" parent="Player"]
transform = Transform( 5, 0, 0, 0, 5, 0, 0, 0, 5, 1, 1, 1 )
mesh = SubResource( 4 )

[node name="CollisionShape" type="CollisionShape" parent="Player"]
transform = Transform( 5, 0, 0, 0, 5, 0, 0, 0, 5, 1, 1, 1 )
shape = SubResource( 5 )

[node name="Camera" type="Camera" parent="Player"]
transform = Transform( 1, 0, -4.37114e-08, -4.37114e-08, 2.66454e-15, -1, 1.05879e-22, 1, 2.66454e-15, 1, 0.999969, 4.67433 )
far = 100000.0

[node name="WorldEnvironment" type="WorldEnvironment" parent="."]
environment = SubResource( 15 )

[node name="GUI" type="CanvasLayer" parent="."]

[node name="Book" type="Control" parent="GUI"]
margin_right = 40.0
margin_bottom = 40.0

[node name="Sprite" type="Sprite" parent="GUI/Book"]

[node name="BookNoBg" type="Sprite" parent="GUI/Book/Sprite"]
position = Vector2( 513, 301 )
scale = Vector2( 1.41944, 1.24583 )
texture = ExtResource( 10 )
script = ExtResource( 4 )

[node name="Pause menu 2" type="CanvasLayer" parent="."]

[node name="Pause menu" type="Control" parent="Pause menu 2"]
pause_mode = 2
anchor_right = 1.0
anchor_bottom = 1.0
script = ExtResource( 5 )

[node name="ColorRect" type="ColorRect" parent="Pause menu 2/Pause menu"]
anchor_right = 1.0
anchor_bottom = 1.0
color = Color( 0.713726, 0.921569, 0.482353, 1 )

[node name="CenterContainer" type="CenterContainer" parent="Pause menu 2/Pause menu"]
anchor_right = 1.0
anchor_bottom = 1.0
__meta__ = {
"_edit_use_anchors_": true
}

[node name="VBoxContainer" type="VBoxContainer" parent="Pause menu 2/Pause menu/CenterContainer"]
margin_left = 416.0
margin_top = 220.0
margin_right = 608.0
margin_bottom = 379.0
theme = ExtResource( 3 )
custom_constants/separation = 5

[node name="Paused" type="Label" parent="Pause menu 2/Pause menu/CenterContainer/VBoxContainer"]
margin_right = 192.0
margin_bottom = 18.0
text = "PAUSED"
align = 1
valign = 1

[node name="Resume" type="Button" parent="Pause menu 2/Pause menu/CenterContainer/VBoxContainer"]
margin_top = 23.0
margin_right = 192.0
margin_bottom = 65.251
text = "Resume"

[node name="Quit" type="Button" parent="Pause menu 2/Pause menu/CenterContainer/VBoxContainer"]
margin_top = 70.0
margin_right = 192.0
margin_bottom = 112.251
theme = SubResource( 25 )
text = "Quit"

[node name="HSlider" type="HSlider" parent="Pause menu 2/Pause menu/CenterContainer/VBoxContainer"]
margin_top = 117.0
margin_right = 192.0
margin_bottom = 159.0
theme = ExtResource( 3 )
min_value = -30.0
max_value = 0.0
script = ExtResource( 19 )

[node name="AudioStreamPlayer" type="AudioStreamPlayer" parent="."]
stream = ExtResource( 20 )
autoplay = true

[node name="Snakes" type="Node" parent="."]

[node name="Venomous" type="Node" parent="Snakes"]

[node name="Venomous_snake" parent="Snakes/Venomous" instance=ExtResource( 21 )]
transform = Transform( 65, 0, 0, 0, 65, 0, 0, 0, 65, 214, 1, 402.124 )

[node name="Non-venomous" type="Node" parent="Snakes"]

[node name="Non-venomous_snake" parent="Snakes/Non-venomous" instance=ExtResource( 21 )]
transform = Transform( 65, 0, 0, 0, 65, 0, 0, 0, 65, 127.901, 1, 1241.97 )
script = ExtResource( 22 )

[connection signal="pressed" from="Pause menu 2/Pause menu/CenterContainer/VBoxContainer/Resume" to="Pause menu 2/Pause menu" method="_on_Resume_pressed"]
[connection signal="pressed" from="Pause menu 2/Pause menu/CenterContainer/VBoxContainer/Quit" to="Pause menu 2/Pause menu" method="_on_Quit_pressed"]
[connection signal="drag_ended" from="Pause menu 2/Pause menu/CenterContainer/VBoxContainer/HSlider" to="Pause menu 2/Pause menu/CenterContainer/VBoxContainer/HSlider" method="_on_HSlider_drag_ended"]
